0	3.23	15.74	13.19	6.44	13.39
3.23	0	12.53	12.04	7.5	10.19
15.74	12.53	0	16.29	17.06	4.12
13.19	12.04	16.29	0	19.33	12.18
6.44	7.5	17.06	19.33	0	16.19
13.39	10.19	4.12	12.18	16.19	0
